public/data/testWind3.json
{"header": {"parameterNumberName":"eastward_wind","parameterUnit":"m.s-1","parameterNumber":2,"parameterCategory":2,"nx":139,"ny":129,"numberPoints":17931,"dx":0.13384030019636634,"dy":0.16064819809078246,"la1":-16.076797485351562,"lo1":-59.53180694580078,"la2":-34.680599212646484,"lo2":-38.808189392089844,"refTime":"2021-02-08 06:00:00"}, "data":
[rows 57 to 75 of 129, columns 84 to 125 of 139]
-0.9666970372200012,-0.787822961807251,-0.7922805547714233,-0.906960666179657,-1.1022608280181885,-1.3525184392929077,-1.3193570375442505,-0.9092058539390564,-0.5899205803871155,-0.375959575176239,-0.3110121190547943,-0.5020716190338135,-0.6712146997451782,-0.6245245933532715,-0.705433189868927,-0.8043315410614014,-0.8220859169960022,-0.4933537244796753,-0.40439966320991516,-0.7178390026092529,-0.6063193082809448,-0.3928375244140625,-0.3296539783477783,-0.3597623109817505,-0.5769453048706055,-1.0644102096557617,-1.4852029085159302,-1.6704556941986084,-1.43122398853302,-1.8529126644134521,-2.5014748573303223,-1.8599190711975098,-1.278925895690918,-1.326040267944336,-2.542853832244873,-3.321089744567871,-2.9842309951782227,-2.1135075092315674,-1.4004011154174805,-1.2684502601623535,-1.069154143333435,-0.8053328990936279
-0.38595858216285706,-0.574823260307312,-0.7428604960441589,-0.6976571679115295,-0.7701355218887329,-0.742544949054718,-0.5653363466262817,-0.28794392943382263,-0.3459104299545288,-0.8106686472892761,-0.779205322265625,-0.580802857875824,-0.47529488801956177,-0.4120261073112488,-0.5340297818183899,-0.9761615991592407,-1.397118330001831,-1.6206356287002563,-1.4465007781982422,-1.8975260257720947,-2.5038390159606934,-1.675489902496338,-1.394249677658081,-2.039077043533325,-2.810739278793335,-2.8518855571746826,-2.0152013301849365,-1.8312568664550781,-1.857162356376648,-1.753433108329773,-1.392427682876587,-0.9661328196525574,-0.6886234283447266,-0.7979362607002258,-0.8002811074256897,0.047488734126091,0.3466011583805084,0.14784473180770874,0.13812872767448425,-0.08339990675449371,-0.5322537422180176,-0.9275637269020081
-0.923798143863678,-0.7489684820175171,-0.6547867059707642,-0.5459066033363342,-0.594718337059021,-0.9705729484558105,-1.3112314939498901,-1.5192718505859375,-1.5178067684173584,-1.9382704496383667,-2.3759713172912598,-1.5563666820526123,-1.724194049835205,-2.9397947788238525,-2.997694730758667,-2.1939163208007812,-1.0566790103912354,-1.8050267696380615,-2.6812615394592285,-2.4885964393615723,-1.925190806388855,-1.3125488758087158,-0.9424518346786499,-0.7756985425949097,-0.5224865674972534,0.22635647654533386,0.38984575867652893,0.0980854481458664,0.07802191376686096,-0.1273040622472763,-0.5903204083442688,-1.1611931324005127,-1.559644103050232,-1.6519113779067993,-1.4649699926376343,-1.0098462104797363,-0.3075840473175049,0.5762880444526672,1.4757380485534668,2.2279419898986816,2.871434211730957,2.707277774810791
-1.613241195678711,-1.2680010795593262,-1.4468879699707031,-2.2087557315826416,-2.7619972229003906,-2.367382526397705,-1.1661027669906616,-1.9388922452926636,-2.9143407344818115,-2.8647208213806152,-2.323232412338257,-1.6738686561584473,-1.266097068786621,-0.669433057308197,-0.10487297922372818,0.04972614720463753,0.01669987291097641,-0.10873688757419586,-0.2039652019739151,-0.4971293807029724,-1.0076299905776978,-1.631494402885437,-1.7357985973358154,-1.2884876728057861,-1.6614806652069092,-1.6058791875839233,-0.4356270134449005,0.6360535621643066,1.3979014158248901,1.741889238357544,2.4787144660949707,2.687540292739868,1.043405532836914,0.04621225222945213,-0.16498535871505737,-0.20725642144680023,-0.2644861936569214,-0.3957796096801758,-0.5704981684684753,-0.7350549697875977,-0.8533685803413391,-0.8843663930892944
-2.5058345794677734,-1.9026191234588623,-1.3546257019042969,-0.5104199051856995,0.14555054903030396,-0.12078998237848282,-0.24731847643852234,-0.2139202505350113,-0.40520423650741577,-0.7883538603782654,-1.2794960737228394,-1.675237774848938,-1.4739234447479248,-0.7976493835449219,-1.4912455081939697,-1.7574477195739746,-0.5752572417259216,0.5553061366081238,1.28330659866333,1.3965189456939697,1.9259076118469238,2.2897732257843018,1.567291498184204,0.4859805703163147,-0.4812782406806946,-0.652296781539917,-0.7918908596038818,-1.0515316724777222,-1.2516142129898071,-1.3943310976028442,-1.4615347385406494,-1.384268045425415,-1.1969939470291138,-0.9375861287117004,-0.7148734927177429,-0.49897608160972595,-0.263631135225296,-0.06919189542531967,0.04603682458400726,0.04375157877802849,0.044292550534009933,0.09023715555667877
-1.2326960563659668,-1.0609983205795288,-0.6961967945098877,-0.422742635011673,-0.9225203394889832,-1.2393221855163574,-0.7641880512237549,0.2512604594230652,1.1360442638397217,1.2895660400390625,1.1767696142196655,1.2909349203109741,2.210933208465576,1.4369202852249146,-0.37945619225502014,-1.0673213005065918,-1.4858921766281128,-1.8098584413528442,-1.9392691850662231,-2.016420364379883,-2.054112672805786,-1.8184635639190674,-1.5222704410552979,-1.286925196647644,-1.0041534900665283,-0.6907219290733337,-0.3772253096103668,-0.22559460997581482,-0.21084988117218018,-0.27553483843803406,-0.2139240801334381,-0.04828426241874695,0.11506345123052597,0.16007784008979797,0.09136708825826645,0.012360932305455208,-0.06111448258161545,-0.08792473375797272,0.06705021113157272,0.2566242218017578,0.40983885526657104,0.6562329530715942
0.6672843098640442,0.9135868549346924,2.2790634632110596,1.6247751712799072,-0.440757691860199,-1.6148371696472168,-2.1790552139282227,-2.3039681911468506,-2.3875770568847656,-2.429409980773926,-2.3940725326538086,-2.061919927597046,-1.7021558284759521,-1.4677543640136719,-1.2186825275421143,-0.9505991339683533,-0.6753665208816528,-0.5549919009208679,-0.5378652215003967,-0.534618616104126,-0.3840846121311188,-0.17488233745098114,-0.12264996767044067,-0.17755205929279327,-0.2923472225666046,-0.3738632798194885,-0.35065579414367676,-0.2002926468849182,0.044559456408023834,0.28994765877723694,0.4884277582168579,0.7217187285423279,0.8896060585975647,0.9162711501121521,0.9399285316467285,0.9687155485153198,0.9936985373497009,0.8414174914360046,0.522605299949646,0.09632595628499985,-0.0823390930891037,-0.022397629916667938
-2.551957607269287,-2.1942341327667236,-1.8284518718719482,-1.584071159362793,-1.405098557472229,-1.245546817779541,-1.0707117319107056,-0.9702743291854858,-0.8919545412063599,-0.7592204809188843,-0.5651015639305115,-0.4209258556365967,-0.5367024540901184,-0.6844255328178406,-0.7786263227462769,-0.7568694949150085,-0.611306369304657,-0.35097894072532654,-0.027683358639478683,0.33121004700660706,0.6877220273017883,0.9247746467590332,1.0059891939163208,0.9227432608604431,0.8990964889526367,0.8835375308990479,0.7881401777267456,0.5600861310958862,0.22111548483371735,-0.1822039633989334,-0.3341478407382965,-0.24281524121761322,-0.0342673696577549,0.029798371717333794,-0.594819962978363,-0.8109164834022522,-0.5828018188476562,-0.024506662040948868,0.2003476768732071,0.06022349372506142,0.20105239748954773,0.3677828013896942
-1.0448325872421265,-1.1716116666793823,-1.2762938737869263,-1.2395554780960083,-1.0829166173934937,-0.9649485945701599,-0.803368330001831,-0.5572769641876221,-0.18093013763427734,0.24862045049667358,0.6579471826553345,0.8873570561408997,0.9367929697036743,0.8336721658706665,0.8519802093505859,0.8729278445243835,0.7235866785049438,0.4007187783718109,-0.030893031507730484,-0.46252021193504333,-0.6315099000930786,-0.5482392311096191,-0.41603076457977295,-0.3528675138950348,-0.6126543283462524,-0.5381702184677124,-0.1762675642967224,0.2160082310438156,0.30711981654167175,0.11430427432060242,0.16175636649131775,0.22616061568260193,0.2418992966413498,0.1671423316001892,-0.0027863532304763794,-0.27828851342201233,-0.9680301547050476,-1.3889586925506592,-0.78102046251297,-1.0026874542236328,-1.5105433464050293,-1.3833225965499878
0.4825730621814728,0.7065785527229309,0.7706337571144104,0.708432674407959,0.7732570171356201,0.8140580058097839,0.6225067973136902,0.20718392729759216,-0.2933233380317688,-0.6444658637046814,-0.7755535244941711,-0.7055915594100952,-0.6949490308761597,-0.6939735412597656,-0.6214746236801147,-0.3364195227622986,0.06186259537935257,0.26865124702453613,0.3060702681541443,0.20838460326194763,0.18326792120933533,0.11210421472787857,-0.042422596365213394,-0.31865036487579346,-0.5679252743721008,-0.7011580467224121,-1.195417881011963,-1.4309386014938354,-0.7194641828536987,-0.9085438251495361,-1.7297239303588867,-1.4748682975769043,-1.446446418762207,-1.3991236686706543,-1.3661706447601318,-1.3758141994476318,-1.3836675882339478,-1.380240559577942,-1.369809865951538,-1.1843546628952026,-0.8912262916564941,-0.6913989782333374
-0.6230655908584595,-0.5377583503723145,-0.647335946559906,-0.7745442390441895,-0.5917510986328125,-0.33734002709388733,-0.08856290578842163,-0.022964341565966606,0.10808729380369186,0.2796647250652313,0.11175678670406342,-0.19915053248405457,-0.577538788318634,-0.8741474747657776,-1.0439985990524292,-1.049475908279419,-1.3066246509552002,-1.329820990562439,-0.5718016624450684,-0.6875278949737549,-1.949000597000122,-1.6234121322631836,-1.5396687984466553,-1.4760180711746216,-1.459005355834961,-1.514922022819519,-1.544623613357544,-1.5407549142837524,-1.5057770013809204,-1.3537185192108154,-1.0915719270706177,-0.6982576251029968,-0.5976306796073914,-0.7939811944961548,-0.852098822593689,-0.7657577991485596,-0.547990620136261,-0.6201728582382202,-0.8708324432373047,-1.2484105825424194,-1.0992971658706665,-0.7326571941375732
-0.019797787070274353,-0.45127856731414795,-0.9267681241035461,-1.140234112739563,-1.137677788734436,-0.9294619560241699,-0.9303638935089111,-0.7924718856811523,-0.1257212609052658,-0.20550566911697388,-2.155111312866211,-1.8220951557159424,-1.6028869152069092,-1.5323023796081543,-1.5507631301879883,-1.6034750938415527,-1.599428415298462,-1.5627415180206299,-1.5530126094818115,-1.4272518157958984,-1.203749179840088,-0.9430761933326721,-0.8174757957458496,-0.8206554055213928,-0.7135559320449829,-0.565310537815094,-0.4177718162536621,-0.5575962662696838,-0.8489608764648438,-1.2149406671524048,-0.9940266609191895,-0.6198248863220215,-0.5582261085510254,-0.44891536235809326,-0.4669519066810608,-0.6053155064582825,-0.6228477358818054,-0.7047128081321716,-0.8778048157691956,-0.768217921257019,-0.48613590002059937,-0.16081881523132324
-2.31819486618042,-1.9904022216796875,-1.6995723247528076,-1.6279771327972412,-1.6542747020721436,-1.6618907451629639,-1.5810037851333618,-1.4942150115966797,-1.5740599632263184,-1.5136463642120361,-1.3269305229187012,-1.1138463020324707,-1.0050771236419678,-0.9865647554397583,-0.8032535314559937,-0.6460967063903809,-0.5834013223648071,-0.6632483005523682,-0.8498919010162354,-1.117148756980896,-0.9556777477264404,-0.6379088163375854,-0.5349009037017822,-0.4215688109397888,-0.4809301495552063,-0.7027448415756226,-0.829660177230835,-0.8999355435371399,-0.9131687879562378,-0.7742881178855896,-0.5621002316474915,-0.35761186480522156,-0.3037112355232239,-0.5560751557350159,-1.2317140102386475,-1.5329035520553589,-1.5283091068267822,-1.4864509105682373,-1.4394047260284424,-1.5261636972427368,-2.0227622985839844,-2.681190013885498
-1.4413913488388062,-1.2620494365692139,-1.1839799880981445,-1.187766671180725,-0.9546694755554199,-0.805907130241394,-0.834804892539978,-0.8267884254455566,-0.8729581832885742,-1.014323353767395,-0.9437054395675659,-0.6947528123855591,-0.5227372050285339,-0.46588972210884094,-0.6260368824005127,-0.947995126247406,-1.1141434907913208,-1.1008591651916504,-0.9216777682304382,-0.7375282049179077,-0.5961718559265137,-0.5337481498718262,-0.5285974144935608,-0.759810209274292,-1.3802381753921509,-1.5112500190734863,-1.333100438117981,-1.296651005744934,-1.3663556575775146,-1.557677984237671,-1.8967468738555908,-2.3779730796813965,-2.9595754146575928,-3.612265110015869,-3.19844388961792,-1.5541841983795166,-0.7063833475112915,-0.5452003479003906,-0.9062565565109253,-1.133925437927246,-1.438279151916504,-2.01728892326355
-0.9375834465026855,-0.6962071061134338,-0.5255544185638428,-0.6926863789558411,-1.04071843624115,-1.3972303867340088,-1.3385446071624756,-1.085115909576416,-0.7857680916786194,-0.6266626119613647,-0.6207485795021057,-0.7525892853736877,-0.7895093560218811,-0.9036661982536316,-1.2749849557876587,-1.4268443584442139,-1.3848427534103394,-1.2816438674926758,-1.322442650794983,-1.476324200630188,-1.5617321729660034,-1.7036511898040771,-1.9984400272369385,-2.7307803630828857,-2.621042013168335,-1.372470736503601,-0.6761747598648071,-0.5708039999008179,-1.0250829458236694,-1.6518759727478027,-2.173921823501587,-2.3148717880249023,-1.5435552597045898,-0.69579017162323,-1.0511667728424072,-0.981147289276123,-0.5539953112602234,-0.554976224899292,-0.7181817889213562,-1.050537347793579,-1.8708603382110596,-1.8435312509536743
-0.7539896965026855,-0.9613306522369385,-0.9265650510787964,-0.8733972907066345,-1.0603309869766235,-1.3143947124481201,-1.508077621459961,-1.4790879487991333,-1.4607622623443604,-1.462318778038025,-1.3904099464416504,-1.3463189601898193,-1.4573509693145752,-2.10577392578125,-2.2064015865325928,-1.4508200883865356,-0.9568287134170532,-1.0197150707244873,-1.7744921445846558,-2.7323927879333496,-3.1243503093719482,-2.2642929553985596,-1.0350873470306396,-0.5418264865875244,-2.192991018295288,-2.080587148666382,-0.6643856167793274,-0.5080326795578003,-0.9593218564987183,-1.7188782691955566,-2.391282796859741,-2.4035637378692627,-1.8126535415649414,-2.245603561401367,-2.8630714416503906,-3.095590591430664,-2.9698874950408936,-2.56439471244812,-2.005779504776001,-2.0983452796936035,-2.263293504714966,-1.6098196506500244
-1.4348200559616089,-1.424336552619934,-1.5336254835128784,-1.84489107131958,-2.0050771236419678,-1.882928490638733,-1.6329054832458496,-1.9042505025863647,-3.041132688522339,-4.213183879852295,-4.197185516357422,-1.9810903072357178,-0.4660226106643677,-0.7585201263427734,-3.9061176776885986,-3.736021041870117,-1.184751272201538,-0.7804257273674011,-1.5825878381729126,-2.8289222717285156,-2.7575671672821045,-2.68461537361145,-3.0265259742736816,-2.935673713684082,-2.9386868476867676,-3.2817201614379883,-3.0731093883514404,-2.676102876663208,-2.4784770011901855,-2.5064592361450195,-2.457334041595459,-1.9187628030776978,-1.2280452251434326,-0.8338965773582458,-1.516046166419983,-2.1013715267181396,-2.2197837829589844,-1.7110337018966675,-1.7881536483764648,-2.621500015258789,-2.6366653442382812,-2.004664659500122
-4.891557216644287,-2.491101026535034,-0.9920856356620789,-1.3233473300933838,-4.285053730010986,-4.057796955108643,-1.5259075164794922,-0.9655646085739136,-1.5840930938720703,-2.7875216007232666,-3.2438175678253174,-3.475735664367676,-3.6059939861297607,-3.111319065093994,-2.837921142578125,-3.1939632892608643,-2.832073211669922,-2.255748748779297,-2.008479356765747,-2.1177287101745605,-2.319830894470215,-2.245410442352295,-1.6682400703430176,-1.0219485759735107,-1.2533183097839355,-1.5983747243881226,-1.785027027130127,-1.5995982885360718,-1.7254799604415894,-2.230073928833008,-2.1161270141601562,-1.5382311344146729,-0.704388439655304,-0.387788325548172,-0.5081257820129395,-0.898175835609436,-0.6987547874450684,-0.2031673640012741,0.10940424352884293,0.9104951620101929,1.7722595930099487,1.7202205657958984
-3.330984115600586,-3.924631357192993,-3.6555309295654297,-3.1037349700927734,-2.8437728881835938,-3.108938694000244,-2.6214091777801514,-1.8790091276168823,-1.4298145771026611,-1.446476697921753,-1.805812120437622,-2.2958459854125977,-2.040478229522705,-1.3521616458892822,-1.1702983379364014,-1.184095025062561,-1.3540650606155396,-1.8111680746078491,-1.9462207555770874,-1.6040124893188477,-1.291774034500122,-0.8948851823806763,-0.4149096608161926,-0.34399911761283875,-0.6073779463768005,-1.0600316524505615,-0.8844248056411743,-0.4853614270687103,-0.4723273813724518,-0.019364934414625168,0.709278404712677,1.1615403890609741,1.9106652736663818,2.660240888595581,2.1992671489715576,1.483686089515686,0.9385164380073547,0.7237995266914368,0.9462859630584717,1.5295318365097046,1.519231915473938,1.4316701889038086
