public/data/testWind3.json
{"header": {"parameterNumberName":"northward_wind","parameterUnit":"m.s-1","parameterNumber":3,"parameterCategory":2,"nx":139,"ny":129,"numberPoints":17931,"dx":0.13384030019636634,"dy":0.16064819809078246,"la1":-16.076797485351562,"lo1":-59.53180694580078,"la2":-34.680599212646484,"lo2":-38.808189392089844,"refTime":"2021-02-08 06:00:00"}, "data":
[rows 38 to 56 of 129, columns 0 to 42 of 139]
-2.508389711380005,-2.2211666107177734,-1.9712579250335693,-1.737436056137085,-1.5122411251068115,-1.1038213968276978,-0.24333664774894714,-0.04602966830134392,-0.35581862926483154,-0.5323717594146729,-0.5629465579986572,-0.566463053226471,-0.5143839120864868,-0.3432798385620117,-0.37795722484588623,-0.5178132653236389,-0.49839383363723755,-0.4493155777454376,-0.40462854504585266,-0.45104995369911194,-0.4643104672431946,-0.3938135802745819,-0.11125174164772034,0.19813159108161926,0.44067898392677307,0.4983493387699127,0.5062781572341919,0.566012978553772,0.4781426787376404,0.4720372259616852,0.5822874903678894,0.696796715259552,0.7121939659118652,0.47540563344955444,0.5677356719970703,0.8812479972839355,0.7969766855239868,0.592373251914978,0.3525901138782501,0.02678667940199375,-0.17006753385066986,-0.09961804002523422,0.38483691215515137
-0.35490572452545166,-0.3589094877243042,-0.3283284306526184,-0.17361092567443848,-0.1585935652256012,-0.23216982185840607,-0.2499946504831314,-0.26220476627349854,-0.28248727321624756,-0.35564956068992615,-0.40828320384025574,-0.40243831276893616,-0.22440657019615173,0.0657084733247757,0.427120566368103,0.5436667203903198,0.5240783095359802,0.4311482310295105,0.26629534363746643,0.20029926300048828,0.26340892910957336,0.436530739068985,0.5841727256774902,0.47694018483161926,0.6361897587776184,0.9502885341644287,0.8280757069587708,0.6374520659446716,0.4821391999721527,0.24300789833068848,0.2209426611661911,0.5205963850021362,0.8066372871398926,0.9545802474021912,0.8867945075035095,0.7809422016143799,0.5495005249977112,0.11073686182498932,0.2910687029361725,0.6833341717720032,0.4603698253631592,0.09623052179813385,-0.23448438942432404
-0.2655513882637024,-0.2131311595439911,-0.1073562353849411,0.050901271402835846,0.25155240297317505,0.38071775436401367,0.4068969190120697,0.2940291464328766,0.08234195411205292,-0.10570094734430313,-0.21775846183300018,-0.016751520335674286,0.31852757930755615,0.42407405376434326,0.5101715922355652,0.5797237753868103,0.5264977812767029,0.446902871131897,0.40215909481048584,0.4714849293231964,0.7838155031204224,1.2759358882904053,1.1491998434066772,0.7899408340454102,0.5072002410888672,0.1901429295539856,-0.2294197678565979,-0.7915077209472656,-0.638375461101532,-0.11087682843208313,0.061257150024175644,0.0808866024017334,0.04988519847393036,0.1430658996105194,0.03583197295665741,-0.26485881209373474,-0.3528428077697754,-0.3531683087348938,-0.3268701434135437,-0.2713487148284912,-0.27291688323020935,-0.3983275592327118,-0.7109138369560242
-0.4378344416618347,-0.3864474594593048,-0.11198893934488297,0.17253242433071136,0.3072720766067505,0.2850385308265686,0.19548924267292023,0.12227587401866913,0.14683741331100464,0.4450540542602539,0.8737791180610657,1.2572513818740845,1.015556812286377,0.5516566634178162,0.18191957473754883,-0.24781641364097595,-0.729357123374939,-1.2255752086639404,-1.203027606010437,-0.7694797515869141,-0.2149375081062317,0.22235648334026337,0.431905061006546,0.3068345785140991,0.020670322701334953,-0.2844889163970947,-0.33057814836502075,-0.2952374219894409,-0.27379584312438965,-0.2986288070678711,-0.34228259325027466,-0.39893996715545654,-0.6498795747756958,-0.7993175387382507,-0.5500369071960449,-0.39574840664863586,-0.46673348546028137,-0.8650107979774475,-0.9239392876625061,-0.6942582130432129,-0.6103621125221252,-0.3195597231388092,0.30830708146095276
0.6286524534225464,0.7454231977462769,0.5766600966453552,0.26898127794265747,-0.0631265789270401,-0.4834085702896118,-0.891847550868988,-1.1716965436935425,-1.2835012674331665,-1.0788899660110474,-0.333755224943161,0.34677451848983765,0.6604958772659302,0.21411699056625366,-0.21971851587295532,-0.38232290744781494,-0.3054664134979248,-0.21259678900241852,-0.22399339079856873,-0.3687569200992584,-0.4390784204006195,-0.3113533854484558,-0.296869158744812,-0.2863938510417938,-0.15572570264339447,-0.11160226166248322,-0.21908727288246155,-0.5365343689918518,-0.687920868396759,-0.6335573196411133,-0.45552322268486023,-0.4321432411670685,-0.4155779182910919,0.3551129400730133,1.7809360027313232,3.5041468143463135,3.9295761585235596,3.8443350791931152,3.8161866664886475,3.833362579345703,4.008800029754639,4.426989555358887,4.727137088775635
-0.20364978909492493,0.08752467483282089,0.18110615015029907,-0.08733977377414703,-0.2823995351791382,-0.28391778469085693,-0.1850252002477646,-0.27049019932746887,-0.5921702980995178,-0.6306616067886353,-0.42908602952957153,-0.07234809547662735,0.005926225334405899,-0.0634278655052185,-0.10960462689399719,-0.09427700191736221,-0.10867687314748764,-0.3003014028072357,-0.42334437370300293,-0.4313841760158539,-0.32548388838768005,-0.380312979221344,-0.4932461977005005,-0.09693879634141922,1.2590386867523193,3.362166166305542,4.0143208503723145,4.043058395385742,4.087754726409912,4.539616584777832,5.038066864013672,5.205930709838867,5.193167209625244,5.235326766967773,5.639101028442383,5.357100486755371,4.618777275085449,4.30019998550415,4.180112838745117,4.17149019241333,4.165445327758789,4.131553649902344,4.083279132843018
-0.3946360647678375,-0.0031305376905947924,0.06237705051898956,-0.044211454689502716,-0.13115553557872772,-0.10762809962034225,-0.030758418142795563,-0.00871577113866806,-0.02031746506690979,-0.057614561170339584,-0.10683739185333252,-0.2173754870891571,-0.32840296626091003,-0.28234392404556274,0.8952819108963013,3.188976764678955,4.143657207489014,4.431145191192627,4.6007585525512695,5.252607822418213,5.769043922424316,5.542212009429932,5.314093112945557,5.329031467437744,5.807369709014893,5.363028526306152,4.385698318481445,4.231528282165527,4.123970985412598,3.953791856765747,4.041648864746094,4.1521172523498535,4.204729080200195,4.318075656890869,4.420256614685059,4.439882278442383,4.199338436126709,3.80247163772583,3.3643598556518555,2.981642246246338,2.7440123558044434,2.7482197284698486,2.792114019393921
0.2404857724905014,-0.007317797280848026,-0.1616561859846115,-0.3405553698539734,0.7369453310966492,3.191941499710083,4.548730850219727,5.177969455718994,5.404587745666504,5.7307538986206055,5.746100425720215,5.081181049346924,4.943383693695068,5.22537899017334,5.575042724609375,5.06178092956543,4.1260881423950195,4.064329147338867,4.081475734710693,4.038735389709473,4.1876301765441895,4.371873378753662,4.514457702636719,4.589850425720215,4.556464672088623,4.391772270202637,4.127122402191162,3.82038950920105,3.52974271774292,3.334303140640259,3.1700994968414307,2.9416322708129883,2.773487091064453,2.704052686691284,2.7634572982788086,2.949786901473999,3.198500633239746,3.3180415630340576,3.5610761642456055,4.014360427856445,4.73105001449585,4.446317672729492,2.591503143310547
5.25718879699707,4.820303916931152,4.909292221069336,5.238144874572754,5.305042266845703,4.785301208496094,4.10551643371582,4.2950873374938965,4.502798080444336,4.539345741271973,4.566243648529053,4.668526649475098,4.831212043762207,4.798239707946777,4.624426364898682,4.358386993408203,4.081890106201172,3.8295743465423584,3.629453420639038,3.4884514808654785,3.336709499359131,3.0836880207061768,2.93341326713562,2.9337158203125,3.106431722640991,3.3592934608459473,3.619204044342041,3.750129461288452,3.9705090522766113,4.285857677459717,4.450206279754639,3.4528825283050537,0.9556276798248291,-1.0806865692138672,-2.3993711471557617,-2.887498378753662,-3.031357526779175,-3.3040926456451416,-3.5019073486328125,-3.5914926528930664,-3.568035125732422,-3.455862522125244,-3.029797315597534
5.071657180786133,4.962461948394775,5.067204475402832,4.887478351593018,4.608419418334961,4.347967624664307,4.058968544006348,3.7918882369995117,3.591439962387085,3.390758991241455,3.244832754135132,3.2339749336242676,3.3482117652893066,3.549506425857544,3.7723894119262695,3.8996028900146484,3.9231245517730713,3.9272243976593018,3.8904271125793457,3.68499755859375,2.8184754848480225,1.3811531066894531,-0.4304584860801697,-1.6713941097259521,-2.5535378456115723,-3.2747702598571777,-3.4300575256347656,-3.3945870399475098,-3.3411433696746826,-3.3222408294677734,-3.233474016189575,-2.828187942504883,-2.236227035522461,-1.5610238313674927,-1.0808539390563965,-0.8911749124526978,-0.9362281560897827,-0.5099896192550659,-0.007308194413781166,0.43359529972076416,1.258376955986023,1.989586591720581,2.254538059234619
3.5641465187072754,3.7234609127044678,3.9622457027435303,4.195188045501709,4.286482810974121,4.09079122543335,3.6337175369262695,3.10599422454834,2.6274921894073486,2.1247544288635254,1.0282124280929565,-0.3217574954032898,-1.6408212184906006,-2.4414896965026855,-2.9506964683532715,-3.367640256881714,-3.4984145164489746,-3.280275344848633,-3.053135871887207,-2.856520175933838,-2.597982406616211,-2.0298304557800293,-1.465226650238037,-0.9990523457527161,-0.8269144296646118,-0.7238397002220154,-0.5775452256202698,-0.0008521443232893944,0.5698123574256897,0.9619388580322266,1.812214732170105,2.501821279525757,2.548546552658081,2.9371814727783203,3.487766742706299,4.013120651245117,-0.666086733341217,-0.6250155568122864,-0.5122542977333069,-0.3471587002277374,0.0012005723547190428,0.29885584115982056,0.2101743370294571
-0.6687514781951904,-1.5967626571655273,-2.5351080894470215,-3.105461835861206,-3.3189785480499268,-3.216717004776001,-3.1341185569763184,-2.8773508071899414,-2.6272215843200684,-2.211805582046509,-1.6844909191131592,-1.1397885084152222,-0.8206614851951599,-0.7264777421951294,-0.7680238485336304,-0.5522360801696777,0.007809849921613932,0.6718704700469971,1.165479063987732,1.3714028596878052,2.2070541381835938,2.8855857849121094,2.804715871810913,3.164670944213867,3.719362735748291,4.206308364868164,-0.6285786628723145,-0.6523342728614807,-0.6530420184135437,-0.6098752021789551,-0.2459464967250824,0.1590830534696579,0.22655704617500305,0.1425303965806961,0.011461431160569191,0.048233963549137115,0.10311920940876007,0.1430468112230301,0.11150380969047546,0.06948915123939514,0.04449892416596413,0.11399036645889282,0.2285679280757904
-0.9125454425811768,-0.5557432174682617,-0.44566863775253296,-0.4956984519958496,-0.38548743724823,0.012507542967796326,0.6852200031280518,1.1557204723358154,1.5577913522720337,1.9436743259429932,2.7015161514282227,3.230835437774658,3.046445369720459,3.3658719062805176,3.881427764892578,4.247452735900879,-0.45799267292022705,-0.53466796875,-0.6600985527038574,-0.7511144876480103,-0.526203453540802,-0.14929114282131195,0.18967044353485107,0.27713802456855774,0.20671527087688446,0.20767691731452942,0.2363387942314148,0.2739642560482025,0.2567939758300781,0.19793039560317993,0.11366681754589081,0.10112009197473526,0.14877600967884064,0.2558456063270569,0.4061717092990875,0.5170735120773315,0.5176640152931213,0.5736244320869446,0.5901461839675903,0.5551998615264893,0.4646822214126587,0.3589976131916046,0.30544257164001465
3.127777338027954,3.417233943939209,3.220435857772827,3.503120183944702,3.9421257972717285,4.154871940612793,-0.3955720365047455,-0.4504737854003906,-0.5881515145301819,-0.740525484085083,-0.6390889286994934,-0.36146146059036255,0.017419490963220596,0.2726263105869293,0.4123806357383728,0.4784339666366577,0.5329229235649109,0.5795830488204956,0.6014732122421265,0.5293723344802856,0.36075907945632935,0.20717839896678925,0.1445656418800354,0.2178378701210022,0.3943382501602173,0.5580014586448669,0.6115764379501343,0.651436448097229,0.6364866495132446,0.6052228808403015,0.47471946477890015,0.30345630645751953,0.20602068305015564,0.3092511296272278,0.5582751035690308,0.7483580112457275,0.7341588139533997,0.490473210811615,0.1161230131983757,-0.051214102655649185,0.11161543428897858,0.21273843944072723,0.32202714681625366
-0.5606153607368469,-0.41127142310142517,-0.10511741042137146,0.23615320026874542,0.5510363578796387,0.7197173833847046,0.8421822786331177,0.9290529489517212,0.9879956841468811,0.9141567945480347,0.6949082016944885,0.4271605610847473,0.2666788399219513,0.296868234872818,0.4398057758808136,0.5820565819740295,0.6265578866004944,0.5460424423217773,0.5533940196037292,0.5866237282752991,0.446987122297287,0.23817971348762512,0.1829468458890915,0.28393474221229553,0.5195688009262085,0.8411785364151001,0.9744501709938049,0.8474023342132568,0.5708297491073608,0.36382731795310974,0.31291067600250244,0.17977827787399292,0.13446159660816193,0.2683979868888855,0.10643783211708069,-0.23089168965816498,-0.5597637891769409,-0.6048412919044495,-0.4726681113243103,-0.3969816565513611,-0.5220173597335815,-0.8113844394683838,-1.0945760011672974
1.1012383699417114,0.8150362968444824,0.6151434183120728,0.6007577180862427,0.6042318344116211,0.5574855208396912,0.39007484912872314,0.2771180272102356,0.3514438271522522,0.4944530427455902,0.3818720281124115,0.17624886333942413,0.23854473233222961,0.3101500868797302,0.3857242465019226,0.6015936136245728,0.7689241170883179,0.8499650955200195,0.98820561170578,0.8950430154800415,0.4958135485649109,0.2690761685371399,0.17532818019390106,0.1582104116678238,0.04305991157889366,-0.1400488317012787,-0.3386256694793701,-0.4944920241832733,-0.5326478481292725,-0.34735339879989624,-0.3436666429042816,-0.5531010627746582,-0.8282381296157837,-1.2538052797317505,-1.725649118423462,-1.8037006855010986,-1.6314218044281006,-1.3249568939208984,-1.1140131950378418,-1.102264642715454,-1.2839125394821167,-0.8957973718643188,-0.2856508195400238
0.24675293266773224,0.14907820522785187,0.245904341340065,0.31965455412864685,0.36697617173194885,0.5030255317687988,0.635084867477417,0.7618396282196045,1.0318453311920166,1.070693850517273,0.7452676892280579,0.4712373912334442,0.2866419553756714,0.19631357491016388,0.002595623955130577,-0.24965018033981323,-0.49000415205955505,-0.6204490065574646,-0.666846513748169,-0.6927013397216797,-0.8435226678848267,-1.0772467851638794,-1.208763837814331,-1.4490593671798706,-1.7042790651321411,-1.387000560760498,-1.0087848901748657,-0.8189428448677063,-0.7676365375518799,-0.7029637098312378,-0.5072233080863953,-0.12698636949062347,0.25980624556541443,0.44640210270881653,0.038398049771785736,-0.4771868586540222,-0.2997581362724304,-0.08073689043521881,0.034009527415037155,-0.0031030280515551567,0.003035439644008875,0.11352656781673431,0.17307761311531067
0.958469569683075,0.7232790589332581,0.5009611248970032,0.42753133177757263,0.11791744828224182,-0.26953691244125366,-0.5274753570556641,-0.5990685820579529,-0.652304470539093,-0.9697705507278442,-1.3611292839050293,-1.6645238399505615,-1.5923058986663818,-1.4931031465530396,-1.3553800582885742,-0.6882792115211487,-0.16734881699085236,-0.08893784880638123,-0.22041557729244232,-0.11430620402097702,0.4689713716506958,0.6668811440467834,0.6314696669578552,0.565861701965332,0.07179708033800125,-0.4173506200313568,-0.19117623567581177,0.06411296874284744,0.16696374118328094,0.010605999268591404,-0.060311589390039444,0.032638069242239,0.06534096598625183,1.4208942651748657,4.168985366821289,5.32061767578125,5.627281188964844,5.682837009429932,5.913829326629639,6.150360107421875,6.197035312652588,6.144301414489746,5.972009658813477
-0.912859320640564,-1.294371485710144,-1.0521514415740967,-0.7058746218681335,-0.41910040378570557,-0.14031583070755005,0.07554361969232559,0.18754471838474274,0.1034586951136589,0.09755443036556244,0.3424169421195984,0.5411607027053833,0.6367456912994385,0.5865129828453064,0.30514490604400635,0.022824177518486977,0.09573540836572647,0.20959220826625824,0.2206917107105255,-0.06125248223543167,-0.203786239027977,-0.10891105979681015,0.015465931035578251,0.9850667715072632,2.871748685836792,4.113043785095215,4.737418174743652,4.838048458099365,4.978357791900635,5.079617023468018,5.0321149826049805,4.8706159591674805,4.5882344245910645,4.172579288482666,3.897810935974121,3.746201276779175,3.5748445987701416,3.2611944675445557,2.8142948150634766,2.3815677165985107,2.0110723972320557,1.663575530052185,1.0300735235214233
