public/data/testWind3.json
{"header": {"parameterNumberName":"eastward_wind","parameterUnit":"m.s-1","parameterNumber":2,"parameterCategory":2,"nx":139,"ny":129,"numberPoints":17931,"dx":0.13384030019636634,"dy":0.16064819809078246,"la1":-16.076797485351562,"lo1":-59.53180694580078,"la2":-34.680599212646484,"lo2":-38.808189392089844,"refTime":"2021-02-08 06:00:00"}, "data":
[rows 38 to 56 of 129, columns 0 to 41 of 139]
1.425342321395874,1.5648784637451172,1.116581678390503,0.6848973035812378,0.34570056200027466,0.23012815415859222,-0.30050212144851685,-1.7030086517333984,-1.8068538904190063,-2.139986038208008,-2.352907419204712,-2.3982884883880615,-2.1835498809814453,-2.103394031524658,-2.1636390686035156,-2.3939967155456543,-2.4868178367614746,-2.443554162979126,-2.3223867416381836,-2.3685808181762695,-2.5827975273132324,-2.7018086910247803,-2.679922103881836,-2.5089919567108154,-2.4656145572662354,-2.4415345191955566,-2.3867673873901367,-2.3395605087280273,-2.291653633117676,-2.3442118167877197,-2.7188096046447754,-3.1271920204162598,-3.464982509613037,-3.7198503017425537,-3.983391523361206,-4.2635064125061035,-4.352975845336914,-4.175234317779541,-3.7845911979675293,-4.308594226837158,-4.895861625671387,-4.5817718505859375
-2.258530378341675,-2.43660306930542,-2.2059192657470703,-2.1516544818878174,-2.194805860519409,-2.1763007640838623,-2.1898069381713867,-2.2057929039001465,-2.0661110877990723,-2.1887855529785156,-2.569042682647705,-2.7749972343444824,-2.746541976928711,-2.475250720977783,-2.3878118991851807,-2.390395164489746,-2.4511380195617676,-2.458509683609009,-2.3435239791870117,-2.2510452270507812,-2.4510116577148438,-2.8018932342529297,-3.232215642929077,-3.6618728637695312,-4.047087669372559,-4.3534746170043945,-4.56093168258667,-4.452800273895264,-4.005838394165039,-4.6887688636779785,-5.309321880340576,-4.549405574798584,-3.812350273132324,-3.27742862701416,-2.9565677642822266,-2.4091110229492188,-1.7987810373306274,-1.681675910949707,-2.2249951362609863,-3.0183029174804688,-2.4655251502990723,-1.6795628070831299
-2.418294906616211,-2.7531182765960693,-2.789344310760498,-2.4864354133605957,-2.3102939128875732,-2.3191940784454346,-2.578143835067749,-2.641939401626587,-2.4399497509002686,-2.221466064453125,-2.1913411617279053,-2.4198262691497803,-2.889381170272827,-3.4434890747070312,-3.967305898666382,-4.353944778442383,-4.36698579788208,-4.192065238952637,-4.053635597229004,-4.857287406921387,-5.34573221206665,-4.2044782638549805,-3.6094324588775635,-3.4644854068756104,-3.2061679363250732,-2.605071544647217,-1.9134703874588013,-1.8205618858337402,-2.0560450553894043,-2.429288148880005,-2.611283779144287,-2.337144136428833,-1.5726993083953857,-0.7820063233375549,-0.46962079405784607,-0.8770702481269836,-0.9620366096496582,-0.9857192039489746,-1.2438918352127075,-1.164435863494873,-0.9305616617202759,-0.8968638777732849
-2.110494375228882,-2.094285488128662,-2.369213581085205,-3.1616177558898926,-3.90482497215271,-4.296433925628662,-4.32240104675293,-4.222743988037109,-4.203892707824707,-4.537642002105713,-4.6622843742370605,-4.009528636932373,-3.8072760105133057,-3.876657485961914,-3.709401845932007,-3.130444049835205,-2.438011407852173,-2.3992605209350586,-2.547819137573242,-2.757258176803589,-3.1562860012054443,-2.863138437271118,-1.7153282165527344,-1.0989278554916382,-0.9753385782241821,-1.23903226852417,-1.2653770446777344,-1.3008695840835571,-1.6064956188201904,-1.6560338735580444,-1.5689548254013062,-1.6028530597686768,-1.421213984489441,-1.1034528017044067,-0.9510601162910461,-0.7461815476417542,-0.3997209966182709,0.1880379170179367,0.6887491345405579,0.9444487690925598,0.912338376045227,0.9428721070289612
-3.9732468128204346,-3.918921947479248,-4.031545639038086,-4.184429168701172,-4.160688400268555,-3.6954283714294434,-3.0665032863616943,-3.0261552333831787,-3.145465135574341,-3.3105862140655518,-3.65173602104187,-3.2398788928985596,-1.9616143703460693,-1.614598035812378,-1.6382393836975098,-1.6191157102584839,-1.5324690341949463,-1.5859365463256836,-1.9675233364105225,-2.1748929023742676,-2.2038118839263916,-2.135828733444214,-1.8368821144104004,-1.3864531517028809,-0.9902114272117615,-0.824738621711731,-0.7935909628868103,-0.4226532578468323,0.24763335287570953,1.0066803693771362,0.8749999403953552,0.5990089178085327,0.712049126625061,1.5067803859710693,2.0617260932922363,1.5490459203720093,1.141701102256775,0.6370494365692139,-0.3890860080718994,-0.9856090545654297,-1.0634876489639282,-0.7817382216453552
-3.6926090717315674,-3.412019729614258,-2.6964197158813477,-2.5245208740234375,-2.415344476699829,-2.051985263824463,-1.6724236011505127,-1.6340817213058472,-2.2276172637939453,-2.411201000213623,-2.1229135990142822,-1.4596216678619385,-1.2504148483276367,-1.3585889339447021,-1.1285380125045776,-1.0267947912216187,-1.0495771169662476,-0.7945505380630493,-0.12458813190460205,0.7907999157905579,0.7931103110313416,0.5334341526031494,0.5116573572158813,1.2300819158554077,1.965551495552063,2.004992961883545,1.4610579013824463,0.5851058959960938,-0.2848193049430847,-0.8117894530296326,-0.9955833554267883,-0.9811572432518005,-0.7614664435386658,-0.4321736991405487,-0.2156800627708435,-0.6074315905570984,-1.455998420715332,-1.0862172842025757,-0.40286970138549805,0.006273879669606686,0.032484885305166245,-0.06865578144788742
-1.7220574617385864,-0.9276158213615417,-0.8386078476905823,-1.2118260860443115,-1.1338465213775635,-1.0790237188339233,-1.0788018703460693,-0.8420544266700745,-0.31472867727279663,0.3861577808856964,0.5686689019203186,0.4990985691547394,0.4329732656478882,0.9636577367782593,1.7347604036331177,2.311401128768921,1.6476130485534668,0.4698668122291565,-0.08380071073770523,-0.4315733313560486,-0.7280311584472656,-1.187520146369934,-1.079188585281372,-0.4405122995376587,0.08346925675868988,-0.3555212914943695,-1.6077306270599365,-1.2811884880065918,-0.4664829969406128,0.11603657156229019,0.24234220385551453,0.18615251779556274,0.22064869105815887,0.5020888447761536,0.8625398874282837,1.0639562606811523,1.1576212644577026,1.1628237962722778,1.1038281917572021,1.096545696258545,1.138569951057434,1.1315441131591797
0.18881961703300476,0.4346156418323517,0.44773340225219727,0.8384519219398499,1.5597869157791138,2.432483673095703,1.6832990646362305,0.3733367621898651,0.1872563362121582,0.06497052311897278,-0.3203382194042206,-1.3196182250976562,-1.387271523475647,-0.47873127460479736,0.32084113359451294,-0.03866890072822571,-1.446297287940979,-1.2582526206970215,-0.4710083305835724,0.23257870972156525,0.4550063908100128,0.48632216453552246,0.6097431778907776,0.8311290740966797,1.038299322128296,1.0834673643112183,1.0065677165985107,0.8479867577552795,0.666292130947113,0.665290355682373,0.8168148994445801,0.8789334297180176,1.036481499671936,1.3654662370681763,1.904081106185913,2.4020678997039795,2.6878373622894287,2.652883768081665,2.3191773891448975,1.7325453758239746,1.00783371925354,0.8499360084533691
-0.29893073439598083,-1.122043490409851,-1.2093735933303833,-0.5520315766334534,0.041071586310863495,-0.23757164180278778,-1.2857987880706787,-0.9874671697616577,-0.2527618110179901,0.3144875764846802,0.5010493397712708,0.5624649524688721,0.7304503917694092,0.8309293985366821,0.8536079525947571,0.802878737449646,0.6212515234947205,0.41135215759277344,0.37310484051704407,0.5238691568374634,0.7974227666854858,0.9820946455001831,1.3017268180847168,1.7928552627563477,2.2791104316711426,2.4879629611968994,2.294159412384033,1.942821741104126,1.6156314611434937,1.473789095878601,1.5878937244415283,2.1935644149780273,3.531589984893799,4.635054588317871,5.198482036590576,4.965427398681641,4.724798679351807,4.378391265869141,4.206691265106201,4.088229656219482,3.791823387145996,3.52545166015625
0.4180643558502197,0.48446741700172424,0.6261368989944458,0.586723268032074,0.4582638740539551,0.38636091351509094,0.21105077862739563,0.09048394113779068,0.3599722385406494,0.7308042049407959,1.0978620052337646,1.3728382587432861,1.7386401891708374,2.1831583976745605,2.3864965438842773,2.2016642093658447,1.6214661598205566,1.1207525730133057,1.0386149883270264,1.6494909524917603,3.0489654541015625,4.458704948425293,4.9503912925720215,5.101879596710205,4.947462558746338,4.402981281280518,4.084325790405273,3.974438428878784,3.8676681518554688,3.717895984649658,3.417201280593872,3.38301420211792,3.5383191108703613,3.5623857975006104,3.487623453140259,3.28521466255188,2.727914810180664,2.5432255268096924,2.9107046127319336,2.6083428859710693,2.534656047821045,3.1683475971221924
1.711186408996582,1.8379310369491577,1.846633791923523,1.773645043373108,1.5826139450073242,1.4355123043060303,1.4555877447128296,1.7976970672607422,2.3567557334899902,3.0496411323547363,4.133573532104492,5.0079522132873535,4.9507951736450195,4.704567909240723,4.384354591369629,3.9929850101470947,3.7843210697174072,3.6509718894958496,3.488286256790161,3.3480801582336426,3.3199191093444824,3.460752010345459,3.6490211486816406,3.5195260047912598,3.2790699005126953,2.9851937294006348,2.7019309997558594,2.640326976776123,2.8353471755981445,2.621346950531006,2.5932655334472656,3.0731072425842285,2.457768678665161,1.7273709774017334,1.8203580379486084,1.8251450061798096,-1.4371105432510376,-1.548732042312622,-1.3541033267974854,-1.1150256395339966,-1.1635514497756958,-1.9524486064910889
4.6344122886657715,4.722295761108398,4.368503570556641,4.018678188323975,3.7647078037261963,3.6416661739349365,3.5632171630859375,3.3811304569244385,3.196401596069336,3.115154266357422,3.3520278930664062,3.551335096359253,3.6078357696533203,3.292358636856079,2.9612038135528564,2.717756748199463,2.7184488773345947,2.722806453704834,2.6515161991119385,2.585446834564209,2.617304563522339,2.8009471893310547,2.2533607482910156,1.6867010593414307,1.8031730651855469,1.7997270822525024,-1.4888025522232056,-1.6677744388580322,-1.5958847999572754,-1.31400465965271,-1.1298059225082397,-1.3953204154968262,-1.7882274389266968,-2.011979579925537,-1.4663563966751099,-1.2975118160247803,-1.4922261238098145,-1.737872838973999,-1.811671257019043,-1.686305284500122,-1.49757981300354,-1.4558004140853882
3.46256422996521,3.4784321784973145,3.270641803741455,2.871022939682007,2.6853535175323486,2.7417948246002197,2.7217328548431396,2.583285331726074,2.3392157554626465,2.5687670707702637,2.7003002166748047,2.4039032459259033,1.894820213317871,1.53596031665802,1.7321186065673828,1.8051574230194092,-1.4661216735839844,-1.699767827987671,-1.7216211557388306,-1.4576845169067383,-1.1525667905807495,-1.0439128875732422,-1.499050498008728,-2.0017738342285156,-1.5625250339508057,-1.3936268091201782,-1.5123276710510254,-1.664695382118225,-1.7696340084075928,-1.7811987400054932,-1.5595953464508057,-1.48427414894104,-1.6639825105667114,-1.676591157913208,-1.7345422506332397,-1.9450113773345947,-2.0997302532196045,-2.3234236240386963,-2.428222417831421,-2.136596441268921,-1.5154443979263306,-0.83988356590271
2.584376096725464,1.9303373098373413,1.5208077430725098,1.3909027576446533,1.6503105163574219,1.8576183319091797,-1.3655847311019897,-1.6093367338180542,-1.6495903730392456,-1.449301838874817,-1.1734602451324463,-0.9749953150749207,-1.1771878004074097,-1.5484968423843384,-1.6792287826538086,-1.7649645805358887,-1.8157122135162354,-1.8159313201904297,-1.8133118152618408,-1.7778140306472778,-1.4439367055892944,-1.2856864929199219,-1.4454357624053955,-1.5387063026428223,-1.6511183977127075,-1.8103666305541992,-1.7971409559249878,-2.0086965560913086,-2.3083763122558594,-2.131077527999878,-1.5766829252243042,-0.8792816996574402,-0.7653656005859375,-0.9470904469490051,-1.2379953861236572,-1.3982148170471191,-1.5930989980697632,-1.8712495565414429,-1.4127706289291382,-0.8015427589416504,-0.7002590298652649,-0.596993625164032
-1.186928391456604,-0.9825901389122009,-1.0464504957199097,-1.285672903060913,-1.5627408027648926,-1.713907241821289,-1.749955415725708,-1.7718400955200195,-1.6814966201782227,-1.4810757637023926,-1.2184289693832397,-1.174324631690979,-1.4213454723358154,-1.472040057182312,-1.5234227180480957,-1.666466236114502,-1.6389598846435547,-1.7476143836975098,-1.962270975112915,-1.9161782264709473,-1.5349187850952148,-0.9487430453300476,-0.72569739818573,-0.7250566482543945,-0.8540029525756836,-0.9405104517936707,-1.278740406036377,-1.9645624160766602,-1.7371729612350464,-1.1304848194122314,-0.8031687140464783,-0.5779061317443848,-0.5416799187660217,-0.8430928587913513,-1.0893832445144653,-1.1309484243392944,-0.8045408129692078,-0.785117506980896,-1.1343913078308105,-1.302996039390564,-1.478410005569458,-1.656687617301941
-0.9567137360572815,-1.0953625440597534,-1.4642521142959595,-1.4114333391189575,-1.3526554107666016,-1.5069810152053833,-1.5706002712249756,-1.549593448638916,-1.510015606880188,-1.5797336101531982,-1.4406864643096924,-1.0807466506958008,-0.8533129096031189,-0.6818810105323792,-0.529548168182373,-0.31881070137023926,-0.610142171382904,-1.6574372053146362,-1.8238412141799927,-1.4650061130523682,-1.0889196395874023,-0.7786217927932739,-0.6883546113967896,-1.0168781280517578,-1.2924652099609375,-1.3339240550994873,-0.9468275308609009,-0.7862557172775269,-0.9956053495407104,-1.3181610107421875,-1.7825982570648193,-2.2493796348571777,-1.8997292518615723,-1.6622867584228516,-2.0457372665405273,-1.602370262145996,-0.7846513390541077,-0.1548892706632614,-0.1015966460108757,-0.5129043459892273,-1.1435680389404297,-1.4194732904434204
-1.4308063983917236,-1.4038853645324707,-1.0228571891784668,-0.6845424175262451,-0.5392459034919739,-0.1919364184141159,-0.22084620594978333,-0.9621551632881165,-1.427422046661377,-1.5841070413589478,-1.4730427265167236,-1.1077858209609985,-0.8183168172836304,-1.095365285873413,-1.3587989807128906,-1.4366042613983154,-1.2074025869369507,-0.9675953388214111,-0.9256656169891357,-1.4478790760040283,-2.1832528114318848,-2.8203558921813965,-2.6003806591033936,-2.3900907039642334,-2.6491072177886963,-1.8497114181518555,-0.7359349131584167,-0.15679319202899933,-0.3301912248134613,-0.7962281703948975,-0.8442577123641968,-0.8883318901062012,-0.7743749022483826,-0.01032518595457077,0.4477151930332184,0.3507443964481354,-0.18589229881763458,-0.6090099215507507,-0.6216198801994324,-0.04309631884098053,0.5644066333770752,0.8338931202888489
-1.684621810913086,-1.4038450717926025,-1.0455423593521118,-1.249903678894043,-1.5362424850463867,-1.7219510078430176,-1.6124054193496704,-1.359009027481079,-1.191314935684204,-1.7121981382369995,-2.5031206607818604,-3.21832275390625,-3.100942611694336,-2.8183133602142334,-2.742490530014038,-1.8136382102966309,-0.7361041307449341,-0.2819734215736389,-0.556503176689148,-0.911414623260498,-0.3947429656982422,-0.26731032133102417,-0.3713614344596863,0.14616478979587555,0.34708303213119507,0.016857728362083435,-0.6842207908630371,-1.0715457201004028,-0.8514968752861023,-0.15860655903816223,0.570663332939148,1.0193588733673096,1.1258701086044312,0.604036808013916,-0.7182883620262146,-1.4184426069259644,-1.5822992324829102,-1.546292781829834,-1.3532439470291138,-1.0585100650787354,-0.7290408611297607,-0.512098491191864
-2.60496187210083,-3.3092386722564697,-3.1282565593719482,-2.5845863819122314,-2.059086561203003,-1.5089032649993896,-0.9570775032043457,-0.44544923305511475,-0.4103338420391083,-0.5298441052436829,-0.27054402232170105,-0.1508006900548935,-0.12283153831958771,0.13144493103027344,0.022422604262828827,-0.46078306436538696,-0.8136404156684875,-0.9502642750740051,-0.813811719417572,-0.37541136145591736,0.26783692836761475,0.9592834115028381,0.9478554129600525,0.9342827796936035,1.5452146530151367,1.4768750667572021,0.963767409324646,0.5094426274299622,0.4413265883922577,0.6483049392700195,0.7740566730499268,0.8390742540359497,0.8583257794380188,0.8753309845924377,0.982994794845581,1.1984045505523682,1.407325267791748,1.6585595607757568,1.9641679525375366,2.2005622386932373,2.359468460083008,2.447277784347534
