public/data/testWind1.json
[{"header":{"parameterNumberName":"eastward_wind","parameterUnit":"m.s-1","parameterNumber":2,"parameterCategory":2,"nx":19,"ny":19,"numberPoints":361,"dx":0.8557552538420025,"dy":0.9467934056332237,"la1":-16.61200714111328,"lo1":-58.16453552246094,"la2":-32.87135696411133,"lo2":-40.17546081542969,"refTime":"2021-02-25 06:00:00"},"data":[-1.5199573040008545,-1.7874150276184082,-1.2873399257659912,-0.821559488773346,0.6113039255142212,0.41820135712623596,1.5420591831207275,0.9976691603660583,1.276634693145752,1.5313684940338135,2.510976552963257,3.7955851554870605,4.122799873352051,4.572055816650391,5.03804874420166,5.221744537353516,5.146183013916016,4.747464179992676,4.285876274108887,-2.1076807975769043,-2.5836172103881836,-1.9186588525772095,-0.31976693868637085,-0.6691615581512451,-0.41884806752204895,0.4722830653190613,-1.1800297498703003,-1.3431370258331299,-0.9251073598861694,0.12540879845619202,0.9438489675521851,1.9141607284545898,2.347808837890625,2.839647054672241,2.885986089706421,2.6689484119415283,2.1772961616516113,1.771488904953003,-3.0628345012664795,-3.7942981719970703,-2.993162155151367,-0.9505659341812134,-1.8451958894729614,-1.2412399053573608,-0.6213947534561157,-0.001996755599975586,-1.916368842124939,-2.000685691833496,-1.4346868991851807,-0.7338817119598389,0.1940031349658966,0.25237688422203064,0.3440958261489868,0.7301843762397766,1.1205527782440186,1.0198955535888672,0.4951964020729065,-4.08283805847168,-2.753150224685669,-3.977220058441162,-3.5612611770629883,-3.4815473556518555,-2.13750958442688,-1.1432899236679077,-0.35594356060028076,-2.1153695583343506,-2.8869247436523438,-2.127535104751587,-1.5031418800354004,-0.9790686368942261,-1.277498483657837,-1.23231840133667,-0.8090130090713501,-0.4237810969352722,0.14470747113227844,1.155165195465088,-3.7830238342285156,-3.5982260704040527,-4.17868709564209,-3.6998066902160645,-1.0054810047149658,-1.6015644073486328,-0.4204561412334442,-0.2709522247314453,-0.45579224824905396,-0.654337465763092,-3.4123828411102295,-2.6163809299468994,-2.1457362174987793,-1.870747447013855,-1.5068185329437256,-1.9274826049804688,-0.7738457918167114,0.13813810050487518,-0.38285619020462036,-3.299327850341797,-3.6355161666870117,-3.1191210746765137,-2.70558500289917,-2.947803497314453,-2.819676160812378,-2.45198917388916,-0.9392746686935425,-1.3084224462509155,-0.004908064380288124,-3.365095615386963,-3.6635208129882812,-3.5928940773010254,-3.3960301876068115,-2.978032112121582,-1.5044561624526978,-1.2783246040344238,-1.4178197383880615,-0.9326884746551514,-3.4842209815979004,-3.343899965286255,-2.288539171218872,-1.60579514503479,-1.1933114528656006,-2.894791603088379,-2.6784920692443848,-1.737797737121582,-1.1030009984970093,-0.17293572425842285,1.004920244216919,-5.264746189117432,-5.1551008224487305,-4.940186023712158,-4.174474716186523,-3.5387868881225586,-3.2697396278381348,-2.7851369380950928,-2.5203652381896973,-2.297219753265381,-2.861614465713501,-1.4567668437957764,-1.0655330419540405,-0.9587171077728271,-0.02451990731060505,-0.9077036380767822,-1.8517649173736572,-1.4477320909500122,-0.057058464735746384,0.36419200897216797,-0.5546251535415649,-2.3134899139404297,-4.089745044708252,-3.45951771736145,-3.75044584274292,-4.228321552276611,-3.7349281311035156,-4.155588626861572,-1.9439375400543213,-2.5834522247314453,-0.937570333480835,-1.401383638381958,-0.29813510179519653,-0.8465802073478699,-1.2009468078613281,-1.221713900566101,-0.5948748588562012,-1.0438600778579712,0.6489300727844238,-2.454658031463623,-0.9115142822265625,-2.08028244972229,-3.7660470008850098,-3.8775553703308105,-3.0270450115203857,-3.7182860374450684,-4.323424339294434,-1.366564154624939,-1.2117899656295776,-0.7061974406242371,-0.6770626902580261,-0.027544237673282623,-0.29371750354766846,-0.24062350392341614,-1.0025427341461182,-0.5454655885696411,-0.5229049921035767,0.24979203939437866,-2.8862106800079346,-4.773044586181641,-2.284480333328247,-3.567025661468506,1.580193042755127,-1.245367407798767,-1.0404753684997559,-4.17195463180542,-2.1302247047424316,-1.3406288623809814,-0.22886070609092712,-0.782507598400116,-1.083827257156372,-0.3506755232810974,-2.122313976287842,-1.0913453102111816,-0.6356503963470459,-1.1404505968093872,-0.4998626708984375,0.334771990776062,-0.40210938453674316,-3.727790355682373,-2.9773964881896973,-0.9081339836120605,-2.206986427307129,0.48015809059143066,-0.8625966906547546,-2.187519073486328,-1.2989733219146729,-0.9856788516044617,-1.054664969444275,-0.675566554069519,0.05598647892475128,-1.1499475240707397,-3.0511820316314697,-1.9302431344985962,-1.2305908203125,-1.151992678642273,0.5918090343475342,-0.04242873564362526,-0.08456484228372574,0.9513319730758667,0.5829119086265564,0.9917101860046387,0.6278339624404907,-0.9357141256332397,-1.4167494773864746,-2.5612740516662598,-0.6648034453392029,-1.1763452291488647,-0.8472877740859985,-0.5240400433540344,-0.46905991435050964,-2.4126946926116943,-2.0400755405426025,-1.6209242343902588,-0.6314620971679688,0.01690075360238552,-0.11039803922176361,-0.0019956736359745264,-0.2885015606880188,0.3619188666343689,-0.40131327509880066,1.2158418893814087,-1.8266035318374634,-0.6085714101791382,-2.179340362548828,-1.063237190246582,-2.262709617614746,-1.8232121467590332,0.5712693333625793,-0.4706827402114868,-2.954925060272217,-1.8702208995819092,-0.8097461462020874,-1.3205854892730713,-1.3242576122283936,-0.4134550094604492,-1.1907260417938232,-1.4254212379455566,-0.07684925198554993,0.30745357275009155,0.9732703566551208,-0.9249265193939209,-0.5855879783630371,-0.8619570732116699,-0.6997500658035278,-1.6122379302978516,-1.3740875720977783,1.0688692331314087,-1.0535950660705566,-1.6576895713806152,-2.2999770641326904,-1.4305092096328735,-2.9733574390411377,0.5416722893714905,-0.6926702857017517,0.020597975701093674,-0.8847558498382568,-0.8961021304130554,-0.5737873315811157,0.6096364855766296,0.8919305205345154,0.40886008739471436,-0.2518015503883362,-1.1094284057617188,-0.7148923277854919,-1.5949527025222778,0.1702808141708374,0.10782337188720703,-1.3304266929626465,-1.08882474899292,-0.485172301530838,-0.7055906057357788,-0.5249055027961731,-0.25915446877479553,0.6761033535003662,-1.4311176538467407,-1.5389142036437988,0.29211798310279846,-0.35108307003974915,-0.3082208037376404,-0.04003029689192772,-0.45364949107170105,-1.7517435550689697,-1.2015159130096436,-1.0251449346542358,-0.9035870432853699,0.2693956792354584,0.6218471527099609,0.28435471653938293,0.1033569872379303,-0.9749359488487244,-1.3452848196029663,-0.5891646146774292,0.266134113073349,-0.2189222276210785,-0.7670256495475769,-0.2671791911125183,-0.4058080315589905,-0.3827742636203766,0.11689142137765884,-0.8035585284233093,-0.5457693934440613,-1.250942349433899,-2.1815147399902344,-0.7861500978469849,-0.08707316219806671,0.3602290153503418,1.3064908981323242,-0.6795478463172913,-0.05595555901527405,-0.4665750563144684,-0.006440405268222094,-0.8548816442489624,-0.6600934267044067,-0.9548141956329346,-0.7276251912117004,0.20603100955486298,-1.3335793018341064,-1.104832410812378,-0.375309020280838,-0.3210669755935669,-0.12311868369579315,-1.247222661972046,-1.2006161212921143,-0.4614230990409851,0.09060186892747879,0.08242704719305038,-0.47641438245773315,0.7941895127296448,0.252794474363327,0.2745392918586731,0.1413758099079132,-1.392066240310669,-0.4752311706542969,0.16664926707744598,-0.34419840574264526,-0.7890483736991882]},{"header":{"parameterNumberName":"northward_wind","parameterUnit":"m.s-1","parameterNumber":3,"parameterCategory":2,"nx":19,"ny":19,"numberPoints":361,"dx":0.8557552538420025,"dy":0.9467934056332237,"la1":-16.61200714111328,"lo1":-58.16453552246094,"la2":-32.87135696411133,"lo2":-40.17546081542969,"refTime":"2021-02-25 06:00:00"},"data":[-1.7837598323822021,-1.2124207019805908,-1.1704336404800415,-0.4756888449192047,-0.4068421721458435,-1.25504732131958,-4.002561569213867,-5.696918487548828,-5.1332621574401855,-4.473872661590576,-4.255791664123535,-4.086598873138428,-3.955843448638916,-2.504013776779175,-1.0276403427124023,-0.16094259917736053,0.06256301701068878,0.1898524910211563,0.25354307889938354,-0.7881106734275818,-0.5569035410881042,-1.151803731918335,-0.3911072611808777,-0.5660558938980103,-2.491363763809204,-4.9481329917907715,-4.902870178222656,-4.401368141174316,-3.685452699661255,-2.962759256362915,-3.436957597732544,-2.579468250274658,-1.2080986499786377,-0.05597087740898132,0.2537897825241089,0.14138945937156677,0.28769439458847046,0.7132091522216797,-0.1473810076713562,-1.3483169078826904,-0.9856377243995667,-1.2747642993927002,-1.7779417037963867,-0.8407434225082397,-0.6760786771774292,-1.549329161643982,-1.4839708805084229,-1.6025359630584717,-1.635850429534912,-1.3537328243255615,-0.282113254070282,0.4251752495765686,0.8141363859176636,1.1444498300552368,1.2063971757888794,1.6070581674575806,0.3730216324329376,-0.15095971524715424,0.20103555917739868,0.7315319180488586,-0.6264095306396484,0.5901300311088562,0.7443664073944092,-0.20958814024925232,0.049613337963819504,-0.17491090297698975,-0.8612508177757263,-1.0634808540344238,-1.3184696435928345,0.18356040120124817,0.8653273582458496,1.478647232055664,0.2646934986114502,0.8016067743301392,1.4215978384017944,1.0403693914413452,0.23405316472053528,0.7568087577819824,1.583479404449463,1.4867463111877441,1.154057502746582,0.8776447772979736,1.3903789520263672,0.7810318470001221,-1.1758571863174438,-1.5154616832733154,-1.2125977277755737,0.21662287414073944,0.24537916481494904,0.7911022901535034,1.4972269535064697,1.2843847274780273,0.9413410425186157,0.38335755467414856,2.6116831302642822,1.6232870817184448,1.1847816705703735,2.8044660091400146,2.254136085510254,1.420541763305664,2.016263246536255,0.4515743553638458,0.5360169410705566,0.18151170015335083,-2.741358757019043,-0.6040698885917664,0.259538471698761,1.3345537185668945,0.814680814743042,0.9023229479789734,0.48155641555786133,0.9453616142272949,2.728306293487549,0.07191748917102814,1.2668980360031128,1.2711507081985474,1.0884603261947632,1.3346765041351318,2.0257582664489746,2.4851980209350586,0.21541085839271545,-1.0343612432479858,-0.20348133146762848,-0.7146968841552734,-0.649568498134613,-0.2996351718902588,0.16018643975257874,0.31560564041137695,0.28301286697387695,0.7737212181091309,1.101912260055542,1.2131719589233398,1.9134228229522705,1.5038264989852905,1.9678608179092407,1.4550715684890747,0.9920498728752136,0.3752152919769287,1.080752968788147,-0.031466368585824966,-0.8261991739273071,-0.17917416989803314,0.6951802372932434,1.9344297647476196,0.24572445452213287,1.2704200744628906,1.6174479722976685,1.1441372632980347,1.8127251863479614,2.5709774494171143,2.095810890197754,1.8741775751113892,1.6246490478515625,1.0556766986846924,1.1148691177368164,1.041608214378357,0.9692744612693787,0.729308009147644,-0.46093249320983887,-0.03644605726003647,0.9734794497489929,0.5805489420890808,-2.479588270187378,-2.8778252601623535,-0.5854838490486145,1.4177191257476807,1.0737816095352173,-0.4236133098602295,1.4199461936950684,2.2800276279449463,0.7555357217788696,1.9471993446350098,1.5887997150421143,1.0665675401687622,0.9260663986206055,0.20901483297348022,-0.4996815025806427,-0.3641875684261322,0.5353788733482361,0.4046366512775421,-0.4489966630935669,-1.1477069854736328,0.2203715592622757,-1.0276076793670654,1.0050047636032104,-0.9188038110733032,-1.494928240776062,-1.8619798421859741,-2.0438947677612305,-1.8335700035095215,0.9039328098297119,1.0903770923614502,0.45404186844825745,0.6057089567184448,0.33370646834373474,0.06888876110315323,-0.16934114694595337,0.4924245774745941,-0.03135282173752785,-0.0866379514336586,-0.3950861990451813,0.2871450185775757,0.7563906311988831,1.6980271339416504,1.2313750982284546,-1.478914737701416,-1.8156318664550781,-3.896130084991455,-3.5069470405578613,0.6649923920631409,1.0401992797851562,0.09372468292713165,0.3818778991699219,0.7988787889480591,0.5626333951950073,0.09748640656471252,0.3081285357475281,1.3065963983535767,1.4221808910369873,1.1511240005493164,0.4088839888572693,-0.4930132031440735,-0.6949324607849121,0.3919684886932373,-1.648036241531372,-1.618046522140503,-4.527130126953125,-6.259922504425049,0.7055525779724121,-0.3456624746322632,0.5953382253646851,-0.1314288228750229,0.506625235080719,0.9090894460678101,0.9633392095565796,1.4842736721038818,0.3730328381061554,-0.25588783621788025,1.7645182609558105,-2.087233304977417,-1.4243905544281006,-1.2969846725463867,0.0676572248339653,-0.8428083658218384,-0.440324068069458,-2.948298215866089,-5.954781532287598,1.4304949045181274,-1.1040775775909424,-0.8784983158111572,-0.8107149600982666,0.6753496527671814,0.4726189374923706,1.3982210159301758,-0.9769684672355652,-0.9460856914520264,-0.23409882187843323,-1.587033748626709,-2.5306153297424316,-0.12781669199466705,0.2057172656059265,0.21470904350280762,0.5443930625915527,1.1331818103790283,1.5665342807769775,-7.120548725128174,0.41199976205825806,0.5779497623443604,0.6871192455291748,1.586607813835144,3.795776128768921,0.7250893115997314,0.9003700613975525,-2.083937168121338,-2.1977767944335938,-2.1676580905914307,-1.270816445350647,0.6964313983917236,0.15443001687526703,-0.3459116816520691,-0.053993891924619675,0.3786620497703552,-1.3157343864440918,-0.6354304552078247,-8.220779418945312,-0.7622688412666321,-0.6078423261642456,0.15302123129367828,0.7739959955215454,-0.6397361755371094,-0.4404945373535156,-0.021085510030388832,-0.736054539680481,-1.5174579620361328,-2.5864648818969727,0.48056620359420776,-0.8676202297210693,0.14026318490505219,0.39083313941955566,0.7116183042526245,-0.05886198952794075,0.36245715618133545,0.7557554244995117,-1.9111826419830322,-0.47472697496414185,-0.9997035264968872,-1.372273564338684,-0.6372644305229187,0.38799116015434265,-0.567966103553772,-0.7673640847206116,-1.09067964553833,-0.758991539478302,-0.4903181791305542,0.5333106517791748,-0.3019755184650421,-0.2278369963169098,-0.0034838905557990074,0.718130350112915,0.05517667531967163,0.35039690136909485,0.4921572506427765,-1.006138801574707,-0.3403933048248291,-1.1267298460006714,-1.4813674688339233,-1.0548107624053955,-1.1015291213989258,-1.3465917110443115,-1.277320384979248,-0.6318631172180176,-2.1278228759765625,-1.7347102165222168,-0.3161527216434479,0.30730074644088745,0.9611560702323914,-0.5098288059234619,-1.0731981992721558,0.7687997221946716,-0.2295929342508316,0.45492619276046753,-1.4031792879104614,-1.243740439414978,-0.9719223976135254,-0.931864857673645,-0.9934060573577881,-0.7727837562561035,-0.20999251306056976,-0.7688182592391968,-0.9006539583206177,-1.2892392873764038,-1.0726748704910278,-1.066278100013733,0.31487950682640076,0.1765679121017456,0.889279842376709,0.6701772212982178,-0.1801115870475769,0.828781247138977,-0.4878814220428467,-1.5611952543258667]}]