public/data/testWind3.json
{"header": {"parameterNumberName":"northward_wind","parameterUnit":"m.s-1","parameterNumber":3,"parameterCategory":2,"nx":139,"ny":129,"numberPoints":17931,"dx":0.13384030019636634,"dy":0.16064819809078246,"la1":-16.076797485351562,"lo1":-59.53180694580078,"la2":-34.680599212646484,"lo2":-38.808189392089844,"refTime":"2021-02-08 06:00:00"}, "data":
[rows 19 to 37 of 129, columns 43 to 85 of 139]
4.491505146026611,4.769169807434082,5.013148307800293,5.273022651672363,5.582559585571289,5.874738693237305,5.9489898681640625,5.496476650238037,4.968024253845215,4.504353046417236,4.372632026672363,4.288179397583008,4.204232215881348,4.111001968383789,3.9705562591552734,3.77286696434021,3.5219388008117676,3.313261032104492,3.2108614444732666,3.5103657245635986,3.8476595878601074,3.955070734024048,3.475787401199341,2.697645664215088,1.92893648147583,-1.1195721626281738,-1.0774803161621094,-0.9250364303588867,-0.5913840532302856,-0.5273082256317139,-0.7199561595916748,-1.2019479274749756,-1.5279450416564941,-1.6999382972717285,-1.7765038013458252,-1.773054599761963,-1.8097333908081055,-2.343508005142212,-2.9394540786743164,-3.4470317363739014,-3.6602745056152344,-3.564608573913574,-3.1552162170410156
4.657676696777344,4.816805839538574,4.851653099060059,4.615897178649902,4.215947151184082,3.71803617477417,3.3539369106292725,3.233218193054199,3.411095142364502,3.5692553520202637,3.500641107559204,3.011617660522461,2.1869308948516846,1.3083631992340088,0.7222864627838135,-1.1131995916366577,-1.2859262228012085,-1.2939380407333374,-1.0635379552841187,-0.9804056286811829,-1.0948424339294434,-1.5382815599441528,-1.6465590000152588,-1.5270966291427612,-1.47762131690979,-1.5305874347686768,-1.7310149669647217,-2.2392616271972656,-2.7057716846466064,-3.0075559616088867,-3.067131996154785,-2.6993002891540527,-1.855765700340271,-1.5532639026641846,-1.5474152565002441,-1.7201792001724243,-1.6412709951400757,-1.5100306272506714,-1.5373948812484741,-1.9811491966247559,-2.636458158493042,-3.099013090133667,-3.3277316093444824
2.244239330291748,1.2083096504211426,0.35779869556427,-0.1976560354232788,-0.2652161419391632,-1.6127369403839111,-1.7553379535675049,-1.6666043996810913,-1.3050858974456787,-1.1695756912231445,-1.253254771232605,-1.6081626415252686,-1.6579265594482422,-1.4684088230133057,-1.1987669467926025,-1.2116392850875854,-1.5425161123275757,-2.167325258255005,-2.5901622772216797,-2.6546432971954346,-2.4137754440307617,-1.7505251169204712,-0.6803170442581177,-0.559525191783905,-1.003997802734375,-1.8175804615020752,-2.1124043464660645,-2.140197277069092,-2.1540117263793945,-2.493861198425293,-2.961742877960205,-3.129025459289551,-3.1553432941436768,-3.068449020385742,-2.893725633621216,-2.727656841278076,-2.6434054374694824,-2.9322586059570312,-3.2656807899475098,-3.504208564758301,-3.7338807582855225,-3.565699577331543,-2.700259208679199
-1.353069543838501,-1.554484486579895,-1.5659266710281372,-1.3880671262741089,-0.9849909543991089,-0.9647618532180786,-1.3614684343338013,-2.0408194065093994,-2.406439781188965,-2.2786545753479004,-1.767841100692749,-0.9329732656478882,0.11118368059396744,-0.05299581214785576,-0.9213167428970337,-2.2128007411956787,-2.747532844543457,-2.8110358715057373,-2.6796348094940186,-2.7728731632232666,-2.9584755897521973,-2.9219717979431152,-2.8079097270965576,-2.6478137969970703,-2.4775192737579346,-2.3780906200408936,-2.4102330207824707,-2.8189778327941895,-3.281015157699585,-3.6577651500701904,-4.096180438995361,-4.029874324798584,-3.0282394886016846,-2.104668140411377,-1.514352798461914,-1.6288024187088013,-1.9175405502319336,-2.1671388149261475,-1.9884498119354248,-1.7241244316101074,-1.6494736671447754,-2.672013759613037,-3.2703897953033447
-1.304297685623169,-0.6610007286071777,-0.12112703174352646,-0.727361261844635,-1.7709604501724243,-2.7716879844665527,-2.9133291244506836,-2.571528673171997,-2.1231064796447754,-2.214702606201172,-2.6564581394195557,-3.075934410095215,-3.0472164154052734,-2.6453518867492676,-2.2828497886657715,-2.2314324378967285,-2.569364309310913,-3.260899543762207,-3.811030149459839,-3.987818717956543,-4.032933235168457,-3.5790963172912598,-2.3507204055786133,-1.5412235260009766,-1.1502149105072021,-1.2612309455871582,-1.4012260437011719,-1.4785796403884888,-1.3306666612625122,-1.2178385257720947,-1.2536230087280273,-1.7693504095077515,-2.110947608947754,-2.1902151107788086,-2.444793224334717,-2.4299566745758057,-2.013859510421753,-1.664074420928955,-1.4581384658813477,-1.4815983772277832,-1.2555172443389893,-0.9159975051879883,-0.5833196640014648
-2.4612927436828613,-3.155019760131836,-3.207279920578003,-2.6953556537628174,-2.1834683418273926,-2.191301107406616,-2.7890818119049072,-3.419741630554199,-3.799191474914551,-3.7576024532318115,-3.401902437210083,-2.667569160461426,-1.5015414953231812,-0.9603121876716614,-0.8154821991920471,-0.8717283606529236,-0.8460525274276733,-0.7567222714424133,-0.6377379894256592,-0.6552895903587341,-0.794281005859375,-0.9482372403144836,-1.0875853300094604,-1.267021656036377,-1.9724282026290894,-2.349331855773926,-2.079963207244873,-1.490497350692749,-1.086903691291809,-1.242027759552002,-1.0656039714813232,-0.7496194243431091,-0.4561166763305664,-0.19967658817768097,-0.051633793860673904,-0.17678697407245636,-0.1584644466638565,0.074640192091465,0.6467881798744202,1.1750638484954834,1.5763722658157349,1.8566112518310547,2.1287364959716797
-1.9388272762298584,-1.3058044910430908,-0.7337051630020142,-0.5874167084693909,-0.6229693293571472,-0.5792033076286316,-0.4578755497932434,-0.2975461781024933,-0.1594250649213791,-0.10631823539733887,-0.1616019308567047,-0.3998231887817383,-0.5621687769889832,-0.6592748761177063,-1.1607362031936646,-1.5760812759399414,-1.7016602754592896,-1.3188090324401855,-0.9162333011627197,-0.8181363940238953,-0.7242895364761353,-0.5347423553466797,-0.10537160933017731,0.16975899040699005,0.22720788419246674,-0.09953545033931732,-0.14794495701789856,0.11879487335681915,0.6475680470466614,1.1483042240142822,1.5468575954437256,1.8096015453338623,2.113424301147461,2.504709243774414,2.8203842639923096,2.725553035736084,2.0059614181518555,1.8086297512054443,1.792546033859253,1.6718013286590576,1.6352994441986084,1.634203553199768,1.588202953338623
-0.09893475472927094,-0.36059296131134033,-0.5021940469741821,-0.5039306879043579,-0.7322940826416016,-1.0547516345977783,-1.3916044235229492,-1.1949315071105957,-0.8470311164855957,-0.5761696100234985,-0.4894444942474365,-0.37999510765075684,-0.006620166823267937,0.1798246055841446,0.18082793056964874,-0.037965379655361176,-0.034939832985401154,0.22650201618671417,0.7537489533424377,1.2514257431030273,1.6488981246948242,1.9231356382369995,2.2571189403533936,2.691988229751587,2.9768149852752686,2.814741849899292,2.0131802558898926,1.959399700164795,2.1023006439208984,1.944550633430481,2.007533550262451,2.1277761459350586,2.028681516647339,1.8925144672393799,1.8115864992141724,1.9949195384979248,2.290149211883545,2.6441445350646973,2.951756477355957,3.189194679260254,3.3374247550964355,3.3535447120666504,3.3673884868621826
-0.39595144987106323,-0.3000432252883911,-0.22233282029628754,-0.25417637825012207,-0.26991167664527893,-0.031545501202344894,0.16137416660785675,0.3841358721256256,0.9752368927001953,1.504249095916748,1.8968666791915894,2.2136220932006836,2.573274612426758,2.9929380416870117,3.1793253421783447,2.9507737159729004,2.1854894161224365,2.180410385131836,2.377305507659912,2.2648508548736572,2.437201499938965,2.6391217708587646,2.4279725551605225,2.228073835372925,2.1386911869049072,2.336880922317505,2.6564674377441406,3.0266857147216797,3.271430492401123,3.4611361026763916,3.6077680587768555,3.675351619720459,3.713419198989868,3.749697685241699,3.748755931854248,3.8178868293762207,4.060845851898193,4.369678497314453,4.660218238830566,4.801004886627197,4.922970771789551,5.039379119873047,5.15937614440918
1.9629247188568115,2.308295965194702,2.6958999633789062,3.1159181594848633,3.2122936248779297,3.0299503803253174,2.58210825920105,2.5592448711395264,2.649489402770996,2.560093402862549,2.7867956161499023,2.982110023498535,2.513370990753174,2.29856538772583,2.3674681186676025,2.614987373352051,2.9262309074401855,3.253885269165039,3.5241456031799316,3.742135763168335,3.900583028793335,3.95639967918396,3.9805941581726074,4.010625839233398,3.907304048538208,3.8730931282043457,4.096220016479492,4.420102119445801,4.736150741577148,4.878203392028809,4.976342678070068,5.069595813751221,5.230477333068848,5.421951770782471,5.621181011199951,5.7910614013671875,5.762414932250977,5.506019592285156,5.241857051849365,5.047968864440918,4.984150409698486,5.035956382751465,5.206849575042725
3.0449535846710205,3.1616499423980713,2.376612663269043,2.1903233528137207,2.515810012817383,2.8235135078430176,3.100848913192749,3.3515665531158447,3.7101361751556396,4.0099968910217285,4.192054271697998,4.213413715362549,4.208488941192627,4.248744010925293,4.037306308746338,3.9168035984039307,4.206299304962158,4.512238502502441,4.78387451171875,4.942256450653076,5.059213161468506,5.1712565422058105,5.347068786621094,5.601779937744141,5.887348175048828,6.040038585662842,5.866334915161133,5.370938301086426,5.149962425231934,5.145693778991699,5.352255821228027,5.358823776245117,5.3104963302612305,5.306724548339844,5.364443778991699,5.253178119659424,4.601477146148682,4.151093006134033,3.936203956604004,4.028967380523682,3.744835376739502,2.9906249046325684,1.8187354803085327
4.400709629058838,4.541962623596191,4.58699893951416,4.520001411437988,4.311255931854248,4.229182243347168,4.540776252746582,4.814436435699463,5.025777816772461,5.13075590133667,5.2246198654174805,5.328559875488281,5.473287105560303,5.662798881530762,5.863858222961426,5.968198776245117,5.85249137878418,5.521221160888672,5.3909912109375,5.2974534034729,5.173641204833984,4.9062395095825195,4.659764766693115,4.5744123458862305,4.500269412994385,4.322917938232422,3.843820095062256,3.583559989929199,3.4648685455322266,3.3015785217285156,2.8322956562042236,2.036496639251709,1.031084656715393,-0.30067431926727295,-1.8294085264205933,-2.4244556427001953,-2.8056116104125977,-3.2865874767303467,-4.29530143737793,-4.926016807556152,-4.456813812255859,-3.818877696990967,-3.1610636711120605
5.437138557434082,5.554671287536621,5.676268100738525,5.780403137207031,5.853601932525635,5.8684844970703125,5.803759574890137,5.656439304351807,5.510407447814941,5.154404163360596,4.493259906768799,3.9633519649505615,3.628410816192627,3.5832085609436035,3.4911584854125977,3.3636202812194824,3.202571392059326,3.130006790161133,3.014442205429077,2.559951066970825,1.8615269660949707,0.9760984182357788,0.11845394968986511,-1.0788683891296387,-2.527961254119873,-2.835287094116211,-3.0025432109832764,-3.461465358734131,-4.388651371002197,-4.904691219329834,-4.292801380157471,-3.5024518966674805,-2.7218427658081055,-2.2190752029418945,-0.5381847620010376,-0.5669382214546204,-0.7562263011932373,-1.0920650959014893,-1.2823295593261719,-1.305631160736084,-1.1001132726669312,-0.9748222827911377,-0.9288244247436523
2.984713077545166,2.530294418334961,2.4490413665771484,2.568652868270874,2.5698204040527344,2.527278184890747,2.539918899536133,2.570770740509033,2.498246669769287,2.082200288772583,1.2938923835754395,0.2235337346792221,-0.7719579935073853,-1.8326802253723145,-2.883303642272949,-3.1465606689453125,-3.4747695922851562,-4.224593162536621,-4.7797980308532715,-4.837047576904297,-4.09687614440918,-3.2184181213378906,-2.3580124378204346,-1.7309505939483643,-0.5925061106681824,-0.7284923195838928,-0.8900071382522583,-1.0279858112335205,-1.1247155666351318,-1.1180179119110107,-0.8975882530212402,-0.7710139751434326,-0.7350440621376038,-0.7475481629371643,-0.7726587057113647,-0.8100219964981079,-0.9060072302818298,-0.9315820336341858,-0.8506974577903748,-0.6946505904197693,-0.41596347093582153,-0.003045674879103899,0.31704896688461304
0.966740608215332,-0.18211068212985992,-1.2678987979888916,-2.194659471511841,-2.9009201526641846,-3.2651374340057373,-3.774655818939209,-4.621376037597656,-4.789913654327393,-4.4861836433410645,-3.8035354614257812,-2.94575834274292,-2.0655322074890137,-1.3555694818496704,-0.6904933452606201,-0.9187629222869873,-0.9706491231918335,-0.7478505969047546,-0.7214571237564087,-0.7478270530700684,-0.6296298503875732,-0.554185688495636,-0.5353757739067078,-0.5777767300605774,-0.7093259692192078,-0.8858063220977783,-0.9389026761054993,-0.9066118001937866,-0.7987748980522156,-0.6870779395103455,-0.4084617793560028,0.09467151015996933,0.39378249645233154,0.6838257908821106,1.0983037948608398,1.4554433822631836,1.5202877521514893,0.9328110218048096,0.49362027645111084,0.27703192830085754,0.41626548767089844,0.36091166734695435,0.14652478694915771
-3.3536229133605957,-2.684587240219116,-1.874403715133667,-1.1914609670639038,-0.5580551624298096,-0.875521183013916,-0.9592546224594116,-0.6655467748641968,-0.5697470903396606,-0.5669135451316833,-0.5260785222053528,-0.4762774109840393,-0.4451664686203003,-0.4797341823577881,-0.6562284827232361,-0.9044994115829468,-0.9303169250488281,-0.8146806955337524,-0.5965283513069153,-0.49680444598197937,-0.2725217640399933,0.1684238314628601,0.47770342230796814,0.7333348989486694,0.9740115404129028,1.3257114887237549,1.538472294807434,1.2715027332305908,0.9823662042617798,0.7668341398239136,0.8316571712493896,0.6225646138191223,0.22483083605766296,0.16095583140850067,0.30451053380966187,0.5961536169052124,0.7706153988838196,0.8768261075019836,0.9077482223510742,0.640561580657959,0.435208797454834,0.5514780282974243,0.6187125444412231
-0.5946102738380432,-0.5422254204750061,-0.47412800788879395,-0.4615025222301483,-0.6123990416526794,-0.8549519777297974,-0.8847965002059937,-0.6771113872528076,-0.2753522992134094,-0.14758315682411194,-0.02683771774172783,0.19335073232650757,0.5433034896850586,0.8255622386932373,0.8755433559417725,1.1663968563079834,1.4569885730743408,1.452868103981018,1.3021799325942993,1.0930267572402954,1.0388325452804565,0.6500173807144165,0.05587285757064819,-0.09406188875436783,-0.08697453886270523,0.00345643050968647,0.06369411945343018,0.09616689383983612,0.09412640333175659,0.06793612241744995,0.08374947309494019,0.19492200016975403,0.04550570994615555,-0.10169149935245514,0.08259937912225723,-0.02440054342150688,-0.2976936101913452,-0.4953623414039612,-0.5027329325675964,-0.37298116087913513,-0.29896965622901917,-0.3788585662841797,-0.5981630086898804
0.17576444149017334,0.2750255763530731,0.49880480766296387,0.7047311067581177,0.7864570617675781,0.9785233736038208,1.1692451238632202,1.2266514301300049,1.1766159534454346,1.038460373878479,0.8625391125679016,0.5057297348976135,0.07485900074243546,0.013665522448718548,-0.041539423167705536,-0.15413086116313934,-0.18553364276885986,-0.24393406510353088,-0.35132187604904175,-0.15195901691913605,0.12259575724601746,0.3241939842700958,0.18456077575683594,0.07470271736383438,0.4765470623970032,0.36895352602005005,-0.016488008201122284,-0.2107587456703186,-0.21868985891342163,-0.15796394646167755,-0.4548528790473938,-0.6764892339706421,-0.7499521970748901,-0.7746882438659668,-0.8633914589881897,-1.050714135169983,-1.0514620542526245,-1.107642650604248,-1.3683985471725464,-1.423152208328247,-1.2936593294143677,-0.9643757343292236,-0.7648224830627441
0.47615665197372437,0.3543001115322113,0.3955937623977661,0.4419511556625366,0.3280871510505676,0.055896151810884476,-0.12288131564855576,-0.2936815023422241,-0.4202781617641449,-0.007324550300836563,0.5115147829055786,0.7832095623016357,0.7879565358161926,0.7457640767097473,0.8920344114303589,0.808946430683136,0.5667694211006165,0.36390185356140137,0.22946901619434357,0.04299014061689377,-0.5248947143554688,-0.8106715679168701,-0.7057729959487915,-0.6140615344047546,-0.6744168400764465,-0.8981063961982727,-0.9058301448822021,-0.8957975506782532,-0.9881163835525513,-0.892969012260437,-0.6627148389816284,-0.38303375244140625,-0.31877401471138,-0.3080470860004425,-0.05816435068845749,0.43336161971092224,1.021416187286377,1.382168173789978,1.627008080482483,1.8623040914535522,2.343601703643799,2.82545804977417,3.1608829498291016
